u1 = [-4 -4 2 1 0]
u2 = [0 1 1 3 0]
u3 = [0 4 0 2 1]
u4 = [0 0 0 -2 1]